{
  "accessors": [
    {
      "bufferView": 2,
      "componentType": 5126,
      "count": 584,
      "max": [
        2.141200065612793,
        7.0518350601196289,
        0.52479070425033569
      ],
      "min": [
        -2.141200065612793,
        2.7443132400512695,
        -0.56352478265762329
      ],
      "type": "VEC3"
    },
    {
      "bufferView": 2,
      "byteOffset": 7008,
      "componentType": 5126,
      "count": 584,
      "max": [
        1,
        0.99731212854385376,
        0.073271356523036957
      ],
      "min": [
        -1,
        -0.99730557203292847,
        -0.99992096424102783
      ],
      "type": "VEC3"
    },
    {
      "bufferView": 3,
      "componentType": 5126,
      "count": 584,
      "max": [
        0.97218835353851318,
        0.23828895390033722,
        0.55238074064254761,
        1
      ],
      "min": [
        -0.99896103143692017,
        -0.78737413883209229,
        -0.99731212854385376,
        1
      ],
      "type": "VEC4"
    },
    {
      "bufferView": 1,
      "componentType": 5126,
      "count": 584,
      "max": [
        0.93107473850250244,
        0.68611282110214233
      ],
      "min": [
        0.35099458694458008,
        0.024032656103372574
      ],
      "type": "VEC2"
    },
    {
      "bufferView": 0,
      "componentType": 5125,
      "count": 2508,
      "max": [
        583
      ],
      "min": [
        0
      ],
      "type": "SCALAR"
    },
    {
      "bufferView": 2,
      "byteOffset": 14016,
      "componentType": 5126,
      "count": 173,
      "max": [
        0.49930000305175781,
        2.4979000091552734,
        -0.32330000400543213
      ],
      "min": [
        -0.49930000305175781,
        1.48580002784729,
        -0.77289998531341553
      ],
      "type": "VEC3"
    },
    {
      "bufferView": 2,
      "byteOffset": 16092,
      "componentType": 5126,
      "count": 173,
      "max": [
        1,
        0.99888777732849121,
        0.047150760889053345
      ],
      "min": [
        -1,
        -0.999916672706604,
        -0.99996352195739746
      ],
      "type": "VEC3"
    },
    {
      "bufferView": 3,
      "byteOffset": 9344,
      "componentType": 5126,
      "count": 173,
      "max": [
        0.847248375415802,
        0.79898816347122192,
        0.5276111364364624,
        1
      ],
      "min": [
        -0.99273735284805298,
        -0.88507401943206787,
        -0.99995827674865723,
        1
      ],
      "type": "VEC4"
    },
    {
      "bufferView": 1,
      "byteOffset": 4672,
      "componentType": 5126,
      "count": 173,
      "max": [
        0.68455684185028076,
        0.71758615970611572
      ],
      "min": [
        0.60860264301300049,
        0.27757459878921509
      ],
      "type": "VEC2"
    },
    {
      "bufferView": 0,
      "byteOffset": 10032,
      "componentType": 5125,
      "count": 792,
      "max": [
        172
      ],
      "min": [
        0
      ],
      "type": "SCALAR"
    },
    {
      "bufferView": 2,
      "byteOffset": 18168,
      "componentType": 5126,
      "count": 172,
      "max": [
        0.49930000305175781,
        9.6734237670898438,
        -0.82917159795761108
      ],
      "min": [
        -0.49930000305175781,
        8.641810417175293,
        -1.2801973819732666
      ],
      "type": "VEC3"
    },
    {
      "bufferView": 2,
      "byteOffset": 20232,
      "componentType": 5126,
      "count": 172,
      "max": [
        0.99999910593032837,
        0.99164223670959473,
        0.11935827136039734
      ],
      "min": [
        -0.99999946355819702,
        -0.99566811323165894,
        -0.99985790252685547
      ],
      "type": "VEC3"
    },
    {
      "bufferView": 3,
      "byteOffset": 12112,
      "componentType": 5126,
      "count": 172,
      "max": [
        0.98642176389694214,
        0.9686964750289917,
        0.26940882205963135,
        1
      ],
      "min": [
        -0.99564337730407715,
        -0.9945862889289856,
        -0.99018186330795288,
        1
      ],
      "type": "VEC4"
    },
    {
      "bufferView": 1,
      "byteOffset": 6056,
      "componentType": 5126,
      "count": 172,
      "max": [
        0.79149538278579712,
        0.7308647632598877
      ],
      "min": [
        0.62668758630752563,
        0.41464686393737793
      ],
      "type": "VEC2"
    },
    {
      "bufferView": 0,
      "byteOffset": 13200,
      "componentType": 5125,
      "count": 792,
      "max": [
        171
      ],
      "min": [
        0
      ],
      "type": "SCALAR"
    },
    {
      "bufferView": 2,
      "byteOffset": 22296,
      "componentType": 5126,
      "count": 954,
      "max": [
        2.7862999439239502,
        2.0715000629425049,
        2.2332377433776855
      ],
      "min": [
        -2.7862999439239502,
        -0.15962919592857361,
        -0.6371999979019165
      ],
      "type": "VEC3"
    },
    {
      "bufferView": 2,
      "byteOffset": 33744,
      "componentType": 5126,
      "count": 954,
      "max": [
        0.99999964237213135,
        0.98879390954971313,
        0.9900858998298645
      ],
      "min": [
        -0.9999997615814209,
        -0.95915359258651733,
        -0.99919688701629639
      ],
      "type": "VEC3"
    },
    {
      "bufferView": 3,
      "byteOffset": 14864,
      "componentType": 5126,
      "count": 954,
      "max": [
        1,
        0.99687039852142334,
        0.95943284034729004,
        1
      ],
      "min": [
        -1,
        -0.99395555257797241,
        -0.93667984008789062,
        1
      ],
      "type": "VEC4"
    },
    {
      "bufferView": 1,
      "byteOffset": 7432,
      "componentType": 5126,
      "count": 954,
      "max": [
        0.98970413208007812,
        0.90279018878936768
      ],
      "min": [
        0.041667181998491287,
        0.020753458142280579
      ],
      "type": "VEC2"
    },
    {
      "bufferView": 0,
      "byteOffset": 16368,
      "componentType": 5125,
      "count": 2868,
      "max": [
        953
      ],
      "min": [
        0
      ],
      "type": "SCALAR"
    },
    {
      "bufferView": 2,
      "byteOffset": 45192,
      "componentType": 5126,
      "count": 693,
      "max": [
        0.99961608648300171,
        5.7830824851989746,
        3.9017391204833984
      ],
      "min": [
        -0.99871706962585449,
        3.7844643592834473,
        1.6354333162307739
      ],
      "type": "VEC3"
    },
    {
      "bufferView": 2,
      "byteOffset": 53508,
      "componentType": 5126,
      "count": 693,
      "max": [
        0.99989908933639526,
        0.99988764524459839,
        0.99204826354980469
      ],
      "min": [
        -0.99989944696426392,
        -0.97340142726898193,
        -0.18015643954277039
      ],
      "type": "VEC3"
    },
    {
      "bufferView": 3,
      "byteOffset": 30128,
      "componentType": 5126,
      "count": 693,
      "max": [
        0.93208545446395874,
        0.99898242950439453,
        0.99988043308258057,
        1
      ],
      "min": [
        -0.87047272920608521,
        -0.99889266490936279,
        -0.9821474552154541,
        1
      ],
      "type": "VEC4"
    },
    {
      "bufferView": 1,
      "byteOffset": 15064,
      "componentType": 5126,
      "count": 693,
      "max": [
        0.95614480972290039,
        0.97624891996383667
      ],
      "min": [
        0.015508057549595833,
        0.6449204683303833
      ],
      "type": "VEC2"
    },
    {
      "bufferView": 0,
      "byteOffset": 27840,
      "componentType": 5125,
      "count": 3456,
      "max": [
        692
      ],
      "min": [
        0
      ],
      "type": "SCALAR"
    },
    {
      "bufferView": 2,
      "byteOffset": 61824,
      "componentType": 5126,
      "count": 3756,
      "max": [
        2.7160999774932861,
        17.4317626953125,
        2.4314250946044922
      ],
      "min": [
        -2.7160999774932861,
        1.2807995080947876,
        -1.331829309463501
      ],
      "type": "VEC3"
    },
    {
      "bufferView": 2,
      "byteOffset": 106896,
      "componentType": 5126,
      "count": 3756,
      "max": [
        0.99999988079071045,
        0.99982380867004395,
        0.99999940395355225
      ],
      "min": [
        -0.99999988079071045,
        -0.99861407279968262,
        -0.99999958276748657
      ],
      "type": "VEC3"
    },
    {
      "bufferView": 3,
      "byteOffset": 41216,
      "componentType": 5126,
      "count": 3756,
      "max": [
        1,
        0.99872106313705444,
        0.99997317790985107,
        1
      ],
      "min": [
        -1,
        -0.99792385101318359,
        -0.99998021125793457,
        1
      ],
      "type": "VEC4"
    },
    {
      "bufferView": 1,
      "byteOffset": 20608,
      "componentType": 5126,
      "count": 3756,
      "max": [
        0.98396092653274536,
        0.96283400058746338
      ],
      "min": [
        0.010722331702709198,
        0.0076382975094020367
      ],
      "type": "VEC2"
    },
    {
      "bufferView": 0,
      "byteOffset": 41664,
      "componentType": 5125,
      "count": 17604,
      "max": [
        3755
      ],
      "min": [
        0
      ],
      "type": "SCALAR"
    },
    {
      "bufferView": 2,
      "byteOffset": 151968,
      "componentType": 5126,
      "count": 3756,
      "max": [
        2.7160999774932861,
        17.4317626953125,
        2.4314250946044922
      ],
      "min": [
        -2.7160999774932861,
        1.2807995080947876,
        -1.331829309463501
      ],
      "type": "VEC3"
    },
    {
      "bufferView": 2,
      "byteOffset": 197040,
      "componentType": 5126,
      "count": 3756,
      "max": [
        0.99999988079071045,
        0.99982380867004395,
        0.99999940395355225
      ],
      "min": [
        -0.99999988079071045,
        -0.99861407279968262,
        -0.99999958276748657
      ],
      "type": "VEC3"
    },
    {
      "bufferView": 3,
      "byteOffset": 101312,
      "componentType": 5126,
      "count": 3756,
      "max": [
        1,
        0.99872106313705444,
        0.99997317790985107,
        1
      ],
      "min": [
        -1,
        -0.99792385101318359,
        -0.99998021125793457,
        1
      ],
      "type": "VEC4"
    },
    {
      "bufferView": 1,
      "byteOffset": 50656,
      "componentType": 5126,
      "count": 3756,
      "max": [
        0.98396092653274536,
        0.96283400058746338
      ],
      "min": [
        0.010722331702709198,
        0.0076382975094020367
      ],
      "type": "VEC2"
    },
    {
      "bufferView": 0,
      "byteOffset": 112080,
      "componentType": 5125,
      "count": 17604,
      "max": [
        3755
      ],
      "min": [
        0
      ],
      "type": "SCALAR"
    },
    {
      "bufferView": 2,
      "byteOffset": 242112,
      "componentType": 5126,
      "count": 693,
      "max": [
        0.99961608648300171,
        5.7830824851989746,
        3.9017391204833984
      ],
      "min": [
        -0.99871706962585449,
        3.7844643592834473,
        1.6354333162307739
      ],
      "type": "VEC3"
    },
    {
      "bufferView": 2,
      "byteOffset": 250428,
      "componentType": 5126,
      "count": 693,
      "max": [
        0.99989908933639526,
        0.99988764524459839,
        0.99204826354980469
      ],
      "min": [
        -0.99989944696426392,
        -0.97340142726898193,
        -0.18015643954277039
      ],
      "type": "VEC3"
    },
    {
      "bufferView": 3,
      "byteOffset": 161408,
      "componentType": 5126,
      "count": 693,
      "max": [
        0.93208545446395874,
        0.99898242950439453,
        0.99988043308258057,
        1
      ],
      "min": [
        -0.87047272920608521,
        -0.99889266490936279,
        -0.9821474552154541,
        1
      ],
      "type": "VEC4"
    },
    {
      "bufferView": 1,
      "byteOffset": 80704,
      "componentType": 5126,
      "count": 693,
      "max": [
        0.95614480972290039,
        0.97624891996383667
      ],
      "min": [
        0.015508057549595833,
        0.6449204683303833
      ],
      "type": "VEC2"
    },
    {
      "bufferView": 0,
      "byteOffset": 182496,
      "componentType": 5125,
      "count": 3456,
      "max": [
        692
      ],
      "min": [
        0
      ],
      "type": "SCALAR"
    },
    {
      "bufferView": 2,
      "byteOffset": 258744,
      "componentType": 5126,
      "count": 954,
      "max": [
        2.7862999439239502,
        2.0715000629425049,
        2.2332377433776855
      ],
      "min": [
        -2.7862999439239502,
        -0.15962919592857361,
        -0.6371999979019165
      ],
      "type": "VEC3"
    },
    {
      "bufferView": 2,
      "byteOffset": 270192,
      "componentType": 5126,
      "count": 954,
      "max": [
        0.99999964237213135,
        0.98879390954971313,
        0.9900858998298645
      ],
      "min": [
        -0.9999997615814209,
        -0.95915359258651733,
        -0.99919688701629639
      ],
      "type": "VEC3"
    },
    {
      "bufferView": 3,
      "byteOffset": 172496,
      "componentType": 5126,
      "count": 954,
      "max": [
        1,
        0.99687039852142334,
        0.95943284034729004,
        1
      ],
      "min": [
        -1,
        -0.99395555257797241,
        -0.93667984008789062,
        1
      ],
      "type": "VEC4"
    },
    {
      "bufferView": 1,
      "byteOffset": 86248,
      "componentType": 5126,
      "count": 954,
      "max": [
        0.98970413208007812,
        0.90279018878936768
      ],
      "min": [
        0.041667181998491287,
        0.020753458142280579
      ],
      "type": "VEC2"
    },
    {
      "bufferView": 0,
      "byteOffset": 196320,
      "componentType": 5125,
      "count": 2868,
      "max": [
        953
      ],
      "min": [
        0
      ],
      "type": "SCALAR"
    },
    {
      "bufferView": 2,
      "byteOffset": 281640,
      "componentType": 5126,
      "count": 172,
      "max": [
        0.49930000305175781,
        9.6734237670898438,
        -0.82917159795761108
      ],
      "min": [
        -0.49930000305175781,
        8.641810417175293,
        -1.2801973819732666
      ],
      "type": "VEC3"
    },
    {
      "bufferView": 2,
      "byteOffset": 283704,
      "componentType": 5126,
      "count": 172,
      "max": [
        0.99999910593032837,
        0.99164223670959473,
        0.11935827136039734
      ],
      "min": [
        -0.99999946355819702,
        -0.99566811323165894,
        -0.99985790252685547
      ],
      "type": "VEC3"
    },
    {
      "bufferView": 3,
      "byteOffset": 187760,
      "componentType": 5126,
      "count": 172,
      "max": [
        0.98642176389694214,
        0.9686964750289917,
        0.26940882205963135,
        1
      ],
      "min": [
        -0.99564337730407715,
        -0.9945862889289856,
        -0.99018186330795288,
        1
      ],
      "type": "VEC4"
    },
    {
      "bufferView": 1,
      "byteOffset": 93880,
      "componentType": 5126,
      "count": 172,
      "max": [
        0.79149538278579712,
        0.7308647632598877
      ],
      "min": [
        0.62668758630752563,
        0.41464686393737793
      ],
      "type": "VEC2"
    },
    {
      "bufferView": 0,
      "byteOffset": 207792,
      "componentType": 5125,
      "count": 792,
      "max": [
        171
      ],
      "min": [
        0
      ],
      "type": "SCALAR"
    },
    {
      "bufferView": 2,
      "byteOffset": 285768,
      "componentType": 5126,
      "count": 173,
      "max": [
        0.49930000305175781,
        2.4979000091552734,
        -0.32330000400543213
      ],
      "min": [
        -0.49930000305175781,
        1.48580002784729,
        -0.77289998531341553
      ],
      "type": "VEC3"
    },
    {
      "bufferView": 2,
      "byteOffset": 287844,
      "componentType": 5126,
      "count": 173,
      "max": [
        1,
        0.99888777732849121,
        0.047150760889053345
      ],
      "min": [
        -1,
        -0.999916672706604,
        -0.99996352195739746
      ],
      "type": "VEC3"
    },
    {
      "bufferView": 3,
      "byteOffset": 190512,
      "componentType": 5126,
      "count": 173,
      "max": [
        0.847248375415802,
        0.79898816347122192,
        0.5276111364364624,
        1
      ],
      "min": [
        -0.99273735284805298,
        -0.88507401943206787,
        -0.99995827674865723,
        1
      ],
      "type": "VEC4"
    },
    {
      "bufferView": 1,
      "byteOffset": 95256,
      "componentType": 5126,
      "count": 173,
      "max": [
        0.68455684185028076,
        0.71758615970611572
      ],
      "min": [
        0.60860264301300049,
        0.27757459878921509
      ],
      "type": "VEC2"
    },
    {
      "bufferView": 0,
      "byteOffset": 210960,
      "componentType": 5125,
      "count": 792,
      "max": [
        172
      ],
      "min": [
        0
      ],
      "type": "SCALAR"
    },
    {
      "bufferView": 2,
      "byteOffset": 289920,
      "componentType": 5126,
      "count": 584,
      "max": [
        2.141200065612793,
        7.0518350601196289,
        0.52479070425033569
      ],
      "min": [
        -2.141200065612793,
        2.7443132400512695,
        -0.56352478265762329
      ],
      "type": "VEC3"
    },
    {
      "bufferView": 2,
      "byteOffset": 296928,
      "componentType": 5126,
      "count": 584,
      "max": [
        1,
        0.99731212854385376,
        0.073271356523036957
      ],
      "min": [
        -1,
        -0.99730557203292847,
        -0.99992096424102783
      ],
      "type": "VEC3"
    },
    {
      "bufferView": 3,
      "byteOffset": 193280,
      "componentType": 5126,
      "count": 584,
      "max": [
        0.97218835353851318,
        0.23828895390033722,
        0.55238074064254761,
        1
      ],
      "min": [
        -0.99896103143692017,
        -0.78737413883209229,
        -0.99731212854385376,
        1
      ],
      "type": "VEC4"
    },
    {
      "bufferView": 1,
      "byteOffset": 96640,
      "componentType": 5126,
      "count": 584,
      "max": [
        0.93107473850250244,
        0.68611282110214233
      ],
      "min": [
        0.35099458694458008,
        0.024032656103372574
      ],
      "type": "VEC2"
    },
    {
      "bufferView": 0,
      "byteOffset": 214128,
      "componentType": 5125,
      "count": 2508,
      "max": [
        583
      ],
      "min": [
        0
      ],
      "type": "SCALAR"
    }
  ],
  "asset": {
    "extras": {
      "author": "a.s.h (https://sketchfab.com/a.s.h)",
      "license": "CC-BY-4.0 (http://creativecommons.org/licenses/by/4.0/)",
      "source": "https://sketchfab.com/models/fb543fc88d9745fe860bc6d5e4651d22",
      "title": "White Vive controller"
    },
    "generator": "Sketchfab-3.19.1",
    "version": "2.0"
  },
  "bufferViews": [
    {
      "buffer": 0,
      "byteLength": 224160,
      "byteOffset": 0,
      "name": "floatBufferViews",
      "target": 34963
    },
    {
      "buffer": 0,
      "byteLength": 101312,
      "byteOffset": 224160,
      "byteStride": 8,
      "name": "floatBufferViews",
      "target": 34962
    },
    {
      "buffer": 0,
      "byteLength": 303936,
      "byteOffset": 325472,
      "byteStride": 12,
      "name": "floatBufferViews",
      "target": 34962
    },
    {
      "buffer": 0,
      "byteLength": 202624,
      "byteOffset": 629408,
      "byteStride": 16,
      "name": "floatBufferViews",
      "target": 34962
    }
  ],
  "buffers": [
    {
      "byteLength": 832032,
      "uri": "scene.bin"
    }
  ],
  "images": [
    {
      "uri": "textures/controller_emissive.jpg"
    },
    {
      "uri": "textures/controller_metallicRoughness.png"
    },
    {
      "uri": "textures/controller_normal.jpg"
    },
    {
      "uri": "textures/controller_baseColor.jpg"
    }
  ],
  "materials": [
    {
      "doubleSided": true,
      "emissiveFactor": [
        1,
        1,
        1
      ],
      "emissiveTexture": {
        "index": 0,
        "texCoord": 0
      },
      "name": "controller",
      "normalTexture": {
        "index": 2,
        "scale": 0.6936059148,
        "texCoord": 0
      },
      "occlusionTexture": {
        "index": 1,
        "strength": 1,
        "texCoord": 0
      },
      "pbrMetallicRoughness": {
        "baseColorFactor": [
          1,
          1,
          1,
          1
        ],
        "baseColorTexture": {
          "index": 3,
          "texCoord": 0
        },
        "metallicFactor": 1,
        "metallicRoughnessTexture": {
          "index": 1,
          "texCoord": 0
        },
        "roughnessFactor": 1
      }
    }
  ],
  "meshes": [
    {
      "name": "haptic_low.002_controller_0",
      "primitives": [
        {
          "attributes": {
            "NORMAL": 1,
            "POSITION": 0,
            "TANGENT": 2,
            "TEXCOORD_0": 3
          },
          "indices": 4,
          "material": 0,
          "mode": 4
        }
      ]
    },
    {
      "name": "button01_low.003_controller_0",
      "primitives": [
        {
          "attributes": {
            "NORMAL": 6,
            "POSITION": 5,
            "TANGENT": 7,
            "TEXCOORD_0": 8
          },
          "indices": 9,
          "material": 0,
          "mode": 4
        }
      ]
    },
    {
      "name": "button02_low.003_controller_0",
      "primitives": [
        {
          "attributes": {
            "NORMAL": 11,
            "POSITION": 10,
            "TANGENT": 12,
            "TEXCOORD_0": 13
          },
          "indices": 14,
          "material": 0,
          "mode": 4
        }
      ]
    },
    {
      "name": "vive_emitter_low.002_controller_0",
      "primitives": [
        {
          "attributes": {
            "NORMAL": 16,
            "POSITION": 15,
            "TANGENT": 17,
            "TEXCOORD_0": 18
          },
          "indices": 19,
          "material": 0,
          "mode": 4
        }
      ]
    },
    {
      "name": "trigger_low.002_controller_0",
      "primitives": [
        {
          "attributes": {
            "NORMAL": 21,
            "POSITION": 20,
            "TANGENT": 22,
            "TEXCOORD_0": 23
          },
          "indices": 24,
          "material": 0,
          "mode": 4
        }
      ]
    },
    {
      "name": "grip_low.002_controller_0",
      "primitives": [
        {
          "attributes": {
            "NORMAL": 26,
            "POSITION": 25,
            "TANGENT": 27,
            "TEXCOORD_0": 28
          },
          "indices": 29,
          "material": 0,
          "mode": 4
        }
      ]
    },
    {
      "name": "grip_low.001_controller_0",
      "primitives": [
        {
          "attributes": {
            "NORMAL": 31,
            "POSITION": 30,
            "TANGENT": 32,
            "TEXCOORD_0": 33
          },
          "indices": 34,
          "material": 0,
          "mode": 4
        }
      ]
    },
    {
      "name": "trigger_low.001_controller_0",
      "primitives": [
        {
          "attributes": {
            "NORMAL": 36,
            "POSITION": 35,
            "TANGENT": 37,
            "TEXCOORD_0": 38
          },
          "indices": 39,
          "material": 0,
          "mode": 4
        }
      ]
    },
    {
      "name": "vive_emitter_low.001_controller_0",
      "primitives": [
        {
          "attributes": {
            "NORMAL": 41,
            "POSITION": 40,
            "TANGENT": 42,
            "TEXCOORD_0": 43
          },
          "indices": 44,
          "material": 0,
          "mode": 4
        }
      ]
    },
    {
      "name": "button02_low.002_controller_0",
      "primitives": [
        {
          "attributes": {
            "NORMAL": 46,
            "POSITION": 45,
            "TANGENT": 47,
            "TEXCOORD_0": 48
          },
          "indices": 49,
          "material": 0,
          "mode": 4
        }
      ]
    },
    {
      "name": "button01_low.002_controller_0",
      "primitives": [
        {
          "attributes": {
            "NORMAL": 51,
            "POSITION": 50,
            "TANGENT": 52,
            "TEXCOORD_0": 53
          },
          "indices": 54,
          "material": 0,
          "mode": 4
        }
      ]
    },
    {
      "name": "haptic_low.001_controller_0",
      "primitives": [
        {
          "attributes": {
            "NORMAL": 56,
            "POSITION": 55,
            "TANGENT": 57,
            "TEXCOORD_0": 58
          },
          "indices": 59,
          "material": 0,
          "mode": 4
        }
      ]
    }
  ],
  "nodes": [
    {
      "children": [
        1
      ],
      "name": "RootNode (gltf orientation matrix)",
      "rotation": [
        -0.70710678118654746,
        -0,
        -0,
        0.70710678118654757
      ]
    },
    {
      "children": [
        2
      ],
      "matrix": [
        -1,
        0,
        0,
        0,
        0,
        -1,
        0,
        0,
        0,
        0,
        1,
        0,
        3.033381462097168,
        -7.033839225769043,
        0,
        1
      ],
      "name": "RootNode (model correction matrix)"
    },
    {
      "children": [
        3
      ],
      "matrix": [
        1,
        0,
        0,
        0,
        0,
        0,
        1,
        0,
        0,
        -1,
        0,
        0,
        0,
        0,
        0,
        1
      ],
      "name": "7c4d307d69b94b679e8336d1aa634e85.fbx"
    },
    {
      "children": [
        4,
        6,
        8,
        10,
        12,
        14,
        16,
        18,
        20,
        22,
        24,
        26
      ],
      "name": "RootNode"
    },
    {
      "children": [
        5
      ],
      "matrix": [
        0.47940064227291573,
        -0.83762253247112028,
        -0.26184613435316711,
        0,
        0.3810100510338984,
        -0.070128743082142397,
        0.92190736041946164,
        0,
        -0.79057336534326528,
        -0.54172902200371365,
        0.2855228563870818,
        0,
        -13.739985466003418,
        2.9785439968109131,
        -0.13074260950088501,
        1
      ],
      "name": "haptic_low.002"
    },
    {
      "mesh": 0,
      "name": "haptic_low.002_controller_0"
    },
    {
      "children": [
        7
      ],
      "matrix": [
        0.47940064227291573,
        -0.83762253247112028,
        -0.26184613435316711,
        0,
        0.3810100510338984,
        -0.070128743082142397,
        0.92190736041946164,
        0,
        -0.79057336534326528,
        -0.54172902200371365,
        0.2855228563870818,
        0,
        -13.739985466003418,
        2.9785439968109131,
        -0.13074260950088501,
        1
      ],
      "name": "button01_low.003"
    },
    {
      "mesh": 1,
      "name": "button01_low.003_controller_0"
    },
    {
      "children": [
        9
      ],
      "matrix": [
        0.47940064227291573,
        -0.83762253247112028,
        -0.26184613435316711,
        0,
        0.3810100510338984,
        -0.070128743082142397,
        0.92190736041946164,
        0,
        -0.79057336534326528,
        -0.54172902200371365,
        0.2855228563870818,
        0,
        -13.739985466003418,
        2.9785439968109131,
        -0.13074260950088501,
        1
      ],
      "name": "button02_low.003"
    },
    {
      "mesh": 2,
      "name": "button02_low.003_controller_0"
    },
    {
      "children": [
        11
      ],
      "matrix": [
        0.47940064614922345,
        -0.83762253924391616,
        -0.26184610559066041,
        0,
        0.38101024858355026,
        -0.070128594258220822,
        0.92190735474974228,
        0,
        -0.79057327873018357,
        -0.54172903133847994,
        0.28552307849558117,
        0,
        -13.739985466003418,
        2.9785439968109131,
        -0.13074260950088501,
        1
      ],
      "name": "vive_emitter_low.002"
    },
    {
      "mesh": 3,
      "name": "vive_emitter_low.002_controller_0"
    },
    {
      "children": [
        13
      ],
      "matrix": [
        0.47940064227291573,
        -0.83762253247112028,
        -0.26184613435316711,
        0,
        0.3810100510338984,
        -0.070128743082142397,
        0.92190736041946164,
        0,
        -0.79057336534326528,
        -0.54172902200371365,
        0.2855228563870818,
        0,
        -13.739985466003418,
        2.9785439968109131,
        -0.13074260950088501,
        1
      ],
      "name": "trigger_low.002"
    },
    {
      "mesh": 4,
      "name": "trigger_low.002_controller_0"
    },
    {
      "children": [
        15
      ],
      "matrix": [
        0.47940064227291573,
        -0.83762253247112028,
        -0.26184613435316711,
        0,
        0.3810100510338984,
        -0.070128743082142397,
        0.92190736041946164,
        0,
        -0.79057336534326528,
        -0.54172902200371365,
        0.2855228563870818,
        0,
        -13.739985466003418,
        2.9785439968109131,
        -0.13074260950088501,
        1
      ],
      "name": "grip_low.002"
    },
    {
      "mesh": 5,
      "name": "grip_low.002_controller_0"
    },
    {
      "children": [
        17
      ],
      "matrix": [
        0.98674862416667763,
        -0.16215418855936112,
        0.0057594997893916366,
        0,
        0.017660871747900014,
        0.072050007814575157,
        -0.99724464901197829,
        0,
        0.16129241523709084,
        0.98413144449845469,
        0.073959026001460412,
        0,
        -2.8278400897979736,
        0.61090236902236938,
        12.530827522277832,
        1
      ],
      "name": "grip_low.001"
    },
    {
      "mesh": 6,
      "name": "grip_low.001_controller_0"
    },
    {
      "children": [
        19
      ],
      "matrix": [
        0.98674862416667763,
        -0.16215418855936112,
        0.0057594997893916366,
        0,
        0.017660871747900014,
        0.072050007814575157,
        -0.99724464901197829,
        0,
        0.16129241523709084,
        0.98413144449845469,
        0.073959026001460412,
        0,
        -2.8278400897979736,
        0.61090236902236938,
        12.530827522277832,
        1
      ],
      "name": "trigger_low.001"
    },
    {
      "mesh": 7,
      "name": "trigger_low.001_controller_0"
    },
    {
      "children": [
        21
      ],
      "matrix": [
        0.98674862416667763,
        -0.16215418855936112,
        0.0057594997893916366,
        0,
        0.017660871747900014,
        0.072050007814575157,
        -0.99724464901197829,
        0,
        0.16129241523709084,
        0.98413144449845469,
        0.073959026001460412,
        0,
        -2.8278400897979736,
        0.61090236902236938,
        12.530827522277832,
        1
      ],
      "name": "vive_emitter_low.001"
    },
    {
      "mesh": 8,
      "name": "vive_emitter_low.001_controller_0"
    },
    {
      "children": [
        23
      ],
      "matrix": [
        0.98674862416667763,
        -0.16215418855936112,
        0.0057594997893916366,
        0,
        0.017660871747900014,
        0.072050007814575157,
        -0.99724464901197829,
        0,
        0.16129241523709084,
        0.98413144449845469,
        0.073959026001460412,
        0,
        -2.8278400897979736,
        0.61090236902236938,
        12.530827522277832,
        1
      ],
      "name": "button02_low.002"
    },
    {
      "mesh": 9,
      "name": "button02_low.002_controller_0"
    },
    {
      "children": [
        25
      ],
      "matrix": [
        0.98674862416667763,
        -0.16215418855936112,
        0.0057594997893916366,
        0,
        0.017660871747900014,
        0.072050007814575157,
        -0.99724464901197829,
        0,
        0.16129241523709084,
        0.98413144449845469,
        0.073959026001460412,
        0,
        -2.8278400897979736,
        0.61090236902236938,
        12.530827522277832,
        1
      ],
      "name": "button01_low.002"
    },
    {
      "mesh": 10,
      "name": "button01_low.002_controller_0"
    },
    {
      "children": [
        27
      ],
      "matrix": [
        0.98674862416667763,
        -0.16215418855936112,
        0.0057594997893916366,
        0,
        0.017660871747900014,
        0.072050007814575157,
        -0.99724464901197829,
        0,
        0.16129241523709084,
        0.98413144449845469,
        0.073959026001460412,
        0,
        -2.8278400897979736,
        0.61090236902236938,
        12.530827522277832,
        1
      ],
      "name": "haptic_low.001"
    },
    {
      "mesh": 11,
      "name": "haptic_low.001_controller_0"
    }
  ],
  "samplers": [
    {
      "magFilter": 9729,
      "minFilter": 9987,
      "wrapS": 10497,
      "wrapT": 10497
    }
  ],
  "scene": 0,
  "scenes": [
    {
      "name": "OSG_Scene",
      "nodes": [
        0
      ]
    }
  ],
  "textures": [
    {
      "sampler": 0,
      "source": 0
    },
    {
      "sampler": 0,
      "source": 1
    },
    {
      "sampler": 0,
      "source": 2
    },
    {
      "sampler": 0,
      "source": 3
    }
  ]
}

